$ANSIBLE_VAULT;1.1;AES256
63336232636633643966396536333830343535616337336532343039376637633136333333336266
3631346237666166363161653333393338653731393134650a306461363534346462343234376430
64653935623735303632363333363035353031646437316661373131323736363161316462656564
3934316137343362630a656137363962376238663163623834303436353533376661366430356435
32396333613663643336613234366366623836623433333837306434333534306533303866323964
30303132323463613636636337303530353733326533366262343434623532373864363833656261
32653931363061646462346264373137613534336630373463373432623336656162656132393863
36333639323832343432323666383738333065666262646139353362663063306234363637316634
30613261326637633031396234393234363839633133373465376266353234636537393662346535
30616537643832623133396662303635313137363033326136653732653731366165663835356266
64313866323230303836653965303063643831303761313865366463396531323339313839316333
37333239343762613035656266313763373032653936316238373030376430303035343765623132
36653661363464663666643166393766393236646164353732393030666539643933623065656362
30666436313136663935353330346532663839373862613836303235396431653632626130643862
32313831356162353365646632656338303964613330383233663164613663666131306366373563
39643639653736373132
