$ANSIBLE_VAULT;1.1;AES256
64393062316463396134333134653461396239323463343361333831383439343237393835383466
3037623034343966653437363062346161376438353864330a653833633934366530383630303534
63646664386334356338363931396662326131323630343761626562616538663335393031356432
3239376436643361390a303335373632653161653333366539303861613262393463353363316331
31316635373265626336646334656331653234663630313438383064366364386439663165656464
39643561616339333466323964396561643730343639353066356661393732646536386361636337
65393531323533613063353062393031616236336438336633623334386530653537633862343161
31666661666563303533613231393463636333393761663162346434313139386136643439313830
66666161313230363366346638313038343237383464396635363262326163383239346462306334
34623564316639656533363861613264343931643831663633393363366334613562373435386639
61363538303635383135326465313833376239333933363834636439636536626563393131343234
64353735313862653738663761316563646532313337353534626630356262383232633435643131
66626435396366356434633833323231393338646165363562623765373035663962613734343637
38336166643638306133656531633264393465343666613664303166623235306437326433303863
62613864393361376164376339313062636262653731336662363264326362343933646236323462
31326564353236393935313434363562363230623066643061373633326639613666333731616239
63653866363330363062343435343336363763613733623834323666383038646633336364383163
37353065343138356536326336636336393439396235383939626438396266313762623232386232
64623032396130323364316533396563613432636565613965333539653239396631653834633064
34316363653632633965336563373061663566653036643161386232653861356335653231313836
64373064613635616262666539643033386430376635343730363263373633626334316234346639
31666462643664663763666535386235393932373339613064316438343464353332623935656635
30363533333636336630323639333435343437626536613735356436656330343834363239353864
31653537376566326464323533366239333661636265333730623861373463383535626439383365
35313930303866333230646362313363306338643838393939643234356164636431
